121
1 11 -1
2 12 -1.41421
3 13 -1.73205
4 14 -2
5 15 -2.23607
6 16 -2.44949
7 17 -2.64575
8 18 -2.82843
9 19 -3
10 20 -3.16228
11 1 -1
12 22 -1.41421
12 2 -1.41421
13 23 -2
13 3 -1.73205
14 24 -2.44949
14 4 -2
15 25 -2.82843
15 5 -2.23607
16 26 -3.16228
16 6 -2.44949
17 27 -3.4641
17 7 -2.64575
18 28 -3.74166
18 8 -2.82843
19 29 -4
19 9 -3
20 30 -4.24264
20 10 -3.16228
21 31 -4.47214
22 12 -1.41421
23 33 -1.73205
23 13 -2
24 34 -2.44949
24 14 -2.44949
25 35 -3
25 15 -2.82843
26 36 -3.4641
26 16 -3.16228
27 37 -3.87298
27 17 -3.4641
28 38 -4.24264
28 18 -3.74166
29 39 -4.58258
29 19 -4
30 40 -4.89898
30 20 -4.24264
31 41 -5.19615
31 21 -4.47214
32 42 -5.47723
33 23 -1.73205
34 44 -2
34 24 -2.44949
35 45 -2.82843
35 25 -3
36 46 -3.4641
36 26 -3.4641
37 47 -4
37 27 -3.87298
38 48 -4.47214
38 28 -4.24264
39 49 -4.89898
39 29 -4.58258
40 50 -5.2915
40 30 -4.89898
41 51 -5.65685
41 31 -5.19615
42 52 -6
42 32 -5.47723
43 53 -6.32456
44 34 -2
45 55 -2.23607
45 35 -2.82843
46 56 -3.16228
46 36 -3.4641
47 57 -3.87298
47 37 -4
48 58 -4.47214
48 38 -4.47214
49 59 -5
49 39 -4.89898
50 60 -5.47723
50 40 -5.2915
51 61 -5.91608
51 41 -5.65685
52 62 -6.32456
52 42 -6
53 63 -6.7082
53 43 -6.32456
54 64 -7.07107
55 45 -2.23607
56 66 -2.44949
56 46 -3.16228
57 67 -3.4641
57 47 -3.87298
58 68 -4.24264
58 48 -4.47214
59 69 -4.89898
59 49 -5
60 70 -5.47723
60 50 -5.47723
61 71 -6
61 51 -5.91608
62 72 -6.48074
62 52 -6.32456
63 73 -6.9282
63 53 -6.7082
64 74 -7.34847
64 54 -7.07107
65 75 -7.74597
66 56 -2.44949
67 77 -2.64575
67 57 -3.4641
68 78 -3.74166
68 58 -4.24264
69 79 -4.58258
69 59 -4.89898
70 80 -5.2915
70 60 -5.47723
71 81 -5.91608
71 61 -6
72 82 -6.48074
72 62 -6.48074
73 83 -7
73 63 -6.9282
74 84 -7.48331
74 64 -7.34847
75 85 -7.93725
75 65 -7.74597
76 86 -8.3666
77 67 -2.64575
78 88 -2.82843
78 68 -3.74166
79 89 -4
79 69 -4.58258
80 90 -4.89898
80 70 -5.2915
81 91 -5.65685
81 71 -5.91608
82 92 -6.32456
82 72 -6.48074
83 93 -6.9282
83 73 -7
84 94 -7.48331
84 74 -7.48331
85 95 -8
85 75 -7.93725
86 96 -8.48528
86 76 -8.3666
87 97 -8.94427
88 78 -2.82843
89 99 -3
89 79 -4
90 100 -4.24264
90 80 -4.89898
91 101 -5.19615
91 81 -5.65685
92 102 -6
92 82 -6.32456
93 103 -6.7082
93 83 -6.9282
94 104 -7.34847
94 84 -7.48331
95 105 -7.93725
95 85 -8
96 106 -8.48528
96 86 -8.48528
97 107 -9
97 87 -8.94427
98 108 -9.48683
99 89 -3
100 110 -3.16228
100 90 -4.24264
101 111 -4.47214
101 91 -5.19615
102 112 -5.47723
102 92 -6
103 113 -6.32456
103 93 -6.7082
104 114 -7.07107
104 94 -7.34847
105 115 -7.74597
105 95 -7.93725
106 116 -8.3666
106 96 -8.48528
107 117 -8.94427
107 97 -9
108 118 -9.48683
108 98 -9.48683
109 119 -10
110 100 -3.16228
111 101 -4.47214
112 102 -5.47723
113 103 -6.32456
114 104 -7.07107
115 105 -7.74597
116 106 -8.3666
117 107 -8.94427
118 108 -9.48683
119 109 -10
