289
1 17 -1
2 18 -1.41421
3 19 -1.73205
4 20 -2
5 21 -2.23607
6 22 -2.44949
7 23 -2.64575
8 24 -2.82843
9 25 -3
10 26 -3.16228
11 27 -3.31662
12 28 -3.4641
13 29 -3.60555
14 30 -3.74166
15 31 -3.87298
16 32 -4
17 1 -1
18 34 -1.41421
18 2 -1.41421
19 35 -2
19 3 -1.73205
20 36 -2.44949
20 4 -2
21 37 -2.82843
21 5 -2.23607
22 38 -3.16228
22 6 -2.44949
23 39 -3.4641
23 7 -2.64575
24 40 -3.74166
24 8 -2.82843
25 41 -4
25 9 -3
26 42 -4.24264
26 10 -3.16228
27 43 -4.47214
27 11 -3.31662
28 44 -4.69042
28 12 -3.4641
29 45 -4.89898
29 13 -3.60555
30 46 -5.09902
30 14 -3.74166
31 47 -5.2915
31 15 -3.87298
32 48 -5.47723
32 16 -4
33 49 -5.65685
34 18 -1.41421
35 51 -1.73205
35 19 -2
36 52 -2.44949
36 20 -2.44949
37 53 -3
37 21 -2.82843
38 54 -3.4641
38 22 -3.16228
39 55 -3.87298
39 23 -3.4641
40 56 -4.24264
40 24 -3.74166
41 57 -4.58258
41 25 -4
42 58 -4.89898
42 26 -4.24264
43 59 -5.19615
43 27 -4.47214
44 60 -5.47723
44 28 -4.69042
45 61 -5.74456
45 29 -4.89898
46 62 -6
46 30 -5.09902
47 63 -6.245
47 31 -5.2915
48 64 -6.48074
48 32 -5.47723
49 65 -6.7082
49 33 -5.65685
50 66 -6.9282
51 35 -1.73205
52 68 -2
52 36 -2.44949
53 69 -2.82843
53 37 -3
54 70 -3.4641
54 38 -3.4641
55 71 -4
55 39 -3.87298
56 72 -4.47214
56 40 -4.24264
57 73 -4.89898
57 41 -4.58258
58 74 -5.2915
58 42 -4.89898
59 75 -5.65685
59 43 -5.19615
60 76 -6
60 44 -5.47723
61 77 -6.32456
61 45 -5.74456
62 78 -6.63325
62 46 -6
63 79 -6.9282
63 47 -6.245
64 80 -7.2111
64 48 -6.48074
65 81 -7.48331
65 49 -6.7082
66 82 -7.74597
66 50 -6.9282
67 83 -8
68 52 -2
69 85 -2.23607
69 53 -2.82843
70 86 -3.16228
70 54 -3.4641
71 87 -3.87298
71 55 -4
72 88 -4.47214
72 56 -4.47214
73 89 -5
73 57 -4.89898
74 90 -5.47723
74 58 -5.2915
75 91 -5.91608
75 59 -5.65685
76 92 -6.32456
76 60 -6
77 93 -6.7082
77 61 -6.32456
78 94 -7.07107
78 62 -6.63325
79 95 -7.4162
79 63 -6.9282
80 96 -7.74597
80 64 -7.2111
81 97 -8.06226
81 65 -7.48331
82 98 -8.3666
82 66 -7.74597
83 99 -8.66025
83 67 -8
84 100 -8.94427
85 69 -2.23607
86 102 -2.44949
86 70 -3.16228
87 103 -3.4641
87 71 -3.87298
88 104 -4.24264
88 72 -4.47214
89 105 -4.89898
89 73 -5
90 106 -5.47723
90 74 -5.47723
91 107 -6
91 75 -5.91608
92 108 -6.48074
92 76 -6.32456
93 109 -6.9282
93 77 -6.7082
94 110 -7.34847
94 78 -7.07107
95 111 -7.74597
95 79 -7.4162
96 112 -8.12404
96 80 -7.74597
97 113 -8.48528
97 81 -8.06226
98 114 -8.83176
98 82 -8.3666
99 115 -9.16515
99 83 -8.66025
100 116 -9.48683
100 84 -8.94427
101 117 -9.79796
102 86 -2.44949
103 119 -2.64575
103 87 -3.4641
104 120 -3.74166
104 88 -4.24264
105 121 -4.58258
105 89 -4.89898
106 122 -5.2915
106 90 -5.47723
107 123 -5.91608
107 91 -6
108 124 -6.48074
108 92 -6.48074
109 125 -7
109 93 -6.9282
110 126 -7.48331
110 94 -7.34847
111 127 -7.93725
111 95 -7.74597
112 128 -8.3666
112 96 -8.12404
113 129 -8.77496
113 97 -8.48528
114 130 -9.16515
114 98 -8.83176
115 131 -9.53939
115 99 -9.16515
116 132 -9.89949
116 100 -9.48683
117 133 -10.247
117 101 -9.79796
118 134 -10.583
119 103 -2.64575
120 136 -2.82843
120 104 -3.74166
121 137 -4
121 105 -4.58258
122 138 -4.89898
122 106 -5.2915
123 139 -5.65685
123 107 -5.91608
124 140 -6.32456
124 108 -6.48074
125 141 -6.9282
125 109 -7
126 142 -7.48331
126 110 -7.48331
127 143 -8
127 111 -7.93725
128 144 -8.48528
128 112 -8.3666
129 145 -8.94427
129 113 -8.77496
130 146 -9.38083
130 114 -9.16515
131 147 -9.79796
131 115 -9.53939
132 148 -10.198
132 116 -9.89949
133 149 -10.583
133 117 -10.247
134 150 -10.9545
134 118 -10.583
135 151 -11.3137
136 120 -2.82843
137 153 -3
137 121 -4
138 154 -4.24264
138 122 -4.89898
139 155 -5.19615
139 123 -5.65685
140 156 -6
140 124 -6.32456
141 157 -6.7082
141 125 -6.9282
142 158 -7.34847
142 126 -7.48331
143 159 -7.93725
143 127 -8
144 160 -8.48528
144 128 -8.48528
145 161 -9
145 129 -8.94427
146 162 -9.48683
146 130 -9.38083
147 163 -9.94987
147 131 -9.79796
148 164 -10.3923
148 132 -10.198
149 165 -10.8167
149 133 -10.583
150 166 -11.225
150 134 -10.9545
151 167 -11.619
151 135 -11.3137
152 168 -12
153 137 -3
154 170 -3.16228
154 138 -4.24264
155 171 -4.47214
155 139 -5.19615
156 172 -5.47723
156 140 -6
157 173 -6.32456
157 141 -6.7082
158 174 -7.07107
158 142 -7.34847
159 175 -7.74597
159 143 -7.93725
160 176 -8.3666
160 144 -8.48528
161 177 -8.94427
161 145 -9
162 178 -9.48683
162 146 -9.48683
163 179 -10
163 147 -9.94987
164 180 -10.4881
164 148 -10.3923
165 181 -10.9545
165 149 -10.8167
166 182 -11.4018
166 150 -11.225
167 183 -11.8322
167 151 -11.619
168 184 -12.2474
168 152 -12
169 185 -12.6491
170 154 -3.16228
171 187 -3.31662
171 155 -4.47214
172 188 -4.69042
172 156 -5.47723
173 189 -5.74456
173 157 -6.32456
174 190 -6.63325
174 158 -7.07107
175 191 -7.4162
175 159 -7.74597
176 192 -8.12404
176 160 -8.3666
177 193 -8.77496
177 161 -8.94427
178 194 -9.38083
178 162 -9.48683
179 195 -9.94987
179 163 -10
180 196 -10.4881
180 164 -10.4881
181 197 -11
181 165 -10.9545
182 198 -11.4891
182 166 -11.4018
183 199 -11.9583
183 167 -11.8322
184 200 -12.4097
184 168 -12.2474
185 201 -12.8452
185 169 -12.6491
186 202 -13.2665
187 171 -3.31662
188 204 -3.4641
188 172 -4.69042
189 205 -4.89898
189 173 -5.74456
190 206 -6
190 174 -6.63325
191 207 -6.9282
191 175 -7.4162
192 208 -7.74597
192 176 -8.12404
193 209 -8.48528
193 177 -8.77496
194 210 -9.16515
194 178 -9.38083
195 211 -9.79796
195 179 -9.94987
196 212 -10.3923
196 180 -10.4881
197 213 -10.9545
197 181 -11
198 214 -11.4891
198 182 -11.4891
199 215 -12
199 183 -11.9583
200 216 -12.49
200 184 -12.4097
201 217 -12.9615
201 185 -12.8452
202 218 -13.4164
202 186 -13.2665
203 219 -13.8564
204 188 -3.4641
205 221 -3.60555
205 189 -4.89898
206 222 -5.09902
206 190 -6
207 223 -6.245
207 191 -6.9282
208 224 -7.2111
208 192 -7.74597
209 225 -8.06226
209 193 -8.48528
210 226 -8.83176
210 194 -9.16515
211 227 -9.53939
211 195 -9.79796
212 228 -10.198
212 196 -10.3923
213 229 -10.8167
213 197 -10.9545
214 230 -11.4018
214 198 -11.4891
215 231 -11.9583
215 199 -12
216 232 -12.49
216 200 -12.49
217 233 -13
217 201 -12.9615
218 234 -13.4907
218 202 -13.4164
219 235 -13.9642
219 203 -13.8564
220 236 -14.4222
221 205 -3.60555
222 238 -3.74166
222 206 -5.09902
223 239 -5.2915
223 207 -6.245
224 240 -6.48074
224 208 -7.2111
225 241 -7.48331
225 209 -8.06226
226 242 -8.3666
226 210 -8.83176
227 243 -9.16515
227 211 -9.53939
228 244 -9.89949
228 212 -10.198
229 245 -10.583
229 213 -10.8167
230 246 -11.225
230 214 -11.4018
231 247 -11.8322
231 215 -11.9583
232 248 -12.4097
232 216 -12.49
233 249 -12.9615
233 217 -13
234 250 -13.4907
234 218 -13.4907
235 251 -14
235 219 -13.9642
236 252 -14.4914
236 220 -14.4222
237 253 -14.9666
238 222 -3.74166
239 255 -3.87298
239 223 -5.2915
240 256 -5.47723
240 224 -6.48074
241 257 -6.7082
241 225 -7.48331
242 258 -7.74597
242 226 -8.3666
243 259 -8.66025
243 227 -9.16515
244 260 -9.48683
244 228 -9.89949
245 261 -10.247
245 229 -10.583
246 262 -10.9545
246 230 -11.225
247 263 -11.619
247 231 -11.8322
248 264 -12.2474
248 232 -12.4097
249 265 -12.8452
249 233 -12.9615
250 266 -13.4164
250 234 -13.4907
251 267 -13.9642
251 235 -14
252 268 -14.4914
252 236 -14.4914
253 269 -15
253 237 -14.9666
254 270 -15.4919
255 239 -3.87298
256 272 -4
256 240 -5.47723
257 273 -5.65685
257 241 -6.7082
258 274 -6.9282
258 242 -7.74597
259 275 -8
259 243 -8.66025
260 276 -8.94427
260 244 -9.48683
261 277 -9.79796
261 245 -10.247
262 278 -10.583
262 246 -10.9545
263 279 -11.3137
263 247 -11.619
264 280 -12
264 248 -12.2474
265 281 -12.6491
265 249 -12.8452
266 282 -13.2665
266 250 -13.4164
267 283 -13.8564
267 251 -13.9642
268 284 -14.4222
268 252 -14.4914
269 285 -14.9666
269 253 -15
270 286 -15.4919
270 254 -15.4919
271 287 -16
272 256 -4
273 257 -5.65685
274 258 -6.9282
275 259 -8
276 260 -8.94427
277 261 -9.79796
278 262 -10.583
279 263 -11.3137
280 264 -12
281 265 -12.6491
282 266 -13.2665
283 267 -13.8564
284 268 -14.4222
285 269 -14.9666
286 270 -15.4919
287 271 -16
