81
1 9 -1
2 10 -1.41421
3 11 -1.73205
4 12 -2
5 13 -2.23607
6 14 -2.44949
7 15 -2.64575
8 16 -2.82843
9 1 -1
10 18 -1.41421
10 2 -1.41421
11 19 -2
11 3 -1.73205
12 20 -2.44949
12 4 -2
13 21 -2.82843
13 5 -2.23607
14 22 -3.16228
14 6 -2.44949
15 23 -3.4641
15 7 -2.64575
16 24 -3.74166
16 8 -2.82843
17 25 -4
18 10 -1.41421
19 27 -1.73205
19 11 -2
20 28 -2.44949
20 12 -2.44949
21 29 -3
21 13 -2.82843
22 30 -3.4641
22 14 -3.16228
23 31 -3.87298
23 15 -3.4641
24 32 -4.24264
24 16 -3.74166
25 33 -4.58258
25 17 -4
26 34 -4.89898
27 19 -1.73205
28 36 -2
28 20 -2.44949
29 37 -2.82843
29 21 -3
30 38 -3.4641
30 22 -3.4641
31 39 -4
31 23 -3.87298
32 40 -4.47214
32 24 -4.24264
33 41 -4.89898
33 25 -4.58258
34 42 -5.2915
34 26 -4.89898
35 43 -5.65685
36 28 -2
37 45 -2.23607
37 29 -2.82843
38 46 -3.16228
38 30 -3.4641
39 47 -3.87298
39 31 -4
40 48 -4.47214
40 32 -4.47214
41 49 -5
41 33 -4.89898
42 50 -5.47723
42 34 -5.2915
43 51 -5.91608
43 35 -5.65685
44 52 -6.32456
45 37 -2.23607
46 54 -2.44949
46 38 -3.16228
47 55 -3.4641
47 39 -3.87298
48 56 -4.24264
48 40 -4.47214
49 57 -4.89898
49 41 -5
50 58 -5.47723
50 42 -5.47723
51 59 -6
51 43 -5.91608
52 60 -6.48074
52 44 -6.32456
53 61 -6.9282
54 46 -2.44949
55 63 -2.64575
55 47 -3.4641
56 64 -3.74166
56 48 -4.24264
57 65 -4.58258
57 49 -4.89898
58 66 -5.2915
58 50 -5.47723
59 67 -5.91608
59 51 -6
60 68 -6.48074
60 52 -6.48074
61 69 -7
61 53 -6.9282
62 70 -7.48331
63 55 -2.64575
64 72 -2.82843
64 56 -3.74166
65 73 -4
65 57 -4.58258
66 74 -4.89898
66 58 -5.2915
67 75 -5.65685
67 59 -5.91608
68 76 -6.32456
68 60 -6.48074
69 77 -6.9282
69 61 -7
70 78 -7.48331
70 62 -7.48331
71 79 -8
72 64 -2.82843
73 65 -4
74 66 -4.89898
75 67 -5.65685
76 68 -6.32456
77 69 -6.9282
78 70 -7.48331
79 71 -8
