64
1 8 -1
2 9 -1.41421
3 10 -1.73205
4 11 -2
5 12 -2.23607
6 13 -2.44949
7 14 -2.64575
8 1 -1
9 16 -1.41421
9 2 -1.41421
10 17 -2
10 3 -1.73205
11 18 -2.44949
11 4 -2
12 19 -2.82843
12 5 -2.23607
13 20 -3.16228
13 6 -2.44949
14 21 -3.4641
14 7 -2.64575
15 22 -3.74166
16 9 -1.41421
17 24 -1.73205
17 10 -2
18 25 -2.44949
18 11 -2.44949
19 26 -3
19 12 -2.82843
20 27 -3.4641
20 13 -3.16228
21 28 -3.87298
21 14 -3.4641
22 29 -4.24264
22 15 -3.74166
23 30 -4.58258
24 17 -1.73205
25 32 -2
25 18 -2.44949
26 33 -2.82843
26 19 -3
27 34 -3.4641
27 20 -3.4641
28 35 -4
28 21 -3.87298
29 36 -4.47214
29 22 -4.24264
30 37 -4.89898
30 23 -4.58258
31 38 -5.2915
32 25 -2
33 40 -2.23607
33 26 -2.82843
34 41 -3.16228
34 27 -3.4641
35 42 -3.87298
35 28 -4
36 43 -4.47214
36 29 -4.47214
37 44 -5
37 30 -4.89898
38 45 -5.47723
38 31 -5.2915
39 46 -5.91608
40 33 -2.23607
41 48 -2.44949
41 34 -3.16228
42 49 -3.4641
42 35 -3.87298
43 50 -4.24264
43 36 -4.47214
44 51 -4.89898
44 37 -5
45 52 -5.47723
45 38 -5.47723
46 53 -6
46 39 -5.91608
47 54 -6.48074
48 41 -2.44949
49 56 -2.64575
49 42 -3.4641
50 57 -3.74166
50 43 -4.24264
51 58 -4.58258
51 44 -4.89898
52 59 -5.2915
52 45 -5.47723
53 60 -5.91608
53 46 -6
54 61 -6.48074
54 47 -6.48074
55 62 -7
56 49 -2.64575
57 50 -3.74166
58 51 -4.58258
59 52 -5.2915
60 53 -5.91608
61 54 -6.48074
62 55 -7
