144
1 12 -1
2 13 -1.41421
3 14 -1.73205
4 15 -2
5 16 -2.23607
6 17 -2.44949
7 18 -2.64575
8 19 -2.82843
9 20 -3
10 21 -3.16228
11 22 -3.31662
12 1 -1
13 24 -1.41421
13 2 -1.41421
14 25 -2
14 3 -1.73205
15 26 -2.44949
15 4 -2
16 27 -2.82843
16 5 -2.23607
17 28 -3.16228
17 6 -2.44949
18 29 -3.4641
18 7 -2.64575
19 30 -3.74166
19 8 -2.82843
20 31 -4
20 9 -3
21 32 -4.24264
21 10 -3.16228
22 33 -4.47214
22 11 -3.31662
23 34 -4.69042
24 13 -1.41421
25 36 -1.73205
25 14 -2
26 37 -2.44949
26 15 -2.44949
27 38 -3
27 16 -2.82843
28 39 -3.4641
28 17 -3.16228
29 40 -3.87298
29 18 -3.4641
30 41 -4.24264
30 19 -3.74166
31 42 -4.58258
31 20 -4
32 43 -4.89898
32 21 -4.24264
33 44 -5.19615
33 22 -4.47214
34 45 -5.47723
34 23 -4.69042
35 46 -5.74456
36 25 -1.73205
37 48 -2
37 26 -2.44949
38 49 -2.82843
38 27 -3
39 50 -3.4641
39 28 -3.4641
40 51 -4
40 29 -3.87298
41 52 -4.47214
41 30 -4.24264
42 53 -4.89898
42 31 -4.58258
43 54 -5.2915
43 32 -4.89898
44 55 -5.65685
44 33 -5.19615
45 56 -6
45 34 -5.47723
46 57 -6.32456
46 35 -5.74456
47 58 -6.63325
48 37 -2
49 60 -2.23607
49 38 -2.82843
50 61 -3.16228
50 39 -3.4641
51 62 -3.87298
51 40 -4
52 63 -4.47214
52 41 -4.47214
53 64 -5
53 42 -4.89898
54 65 -5.47723
54 43 -5.2915
55 66 -5.91608
55 44 -5.65685
56 67 -6.32456
56 45 -6
57 68 -6.7082
57 46 -6.32456
58 69 -7.07107
58 47 -6.63325
59 70 -7.4162
60 49 -2.23607
61 72 -2.44949
61 50 -3.16228
62 73 -3.4641
62 51 -3.87298
63 74 -4.24264
63 52 -4.47214
64 75 -4.89898
64 53 -5
65 76 -5.47723
65 54 -5.47723
66 77 -6
66 55 -5.91608
67 78 -6.48074
67 56 -6.32456
68 79 -6.9282
68 57 -6.7082
69 80 -7.34847
69 58 -7.07107
70 81 -7.74597
70 59 -7.4162
71 82 -8.12404
72 61 -2.44949
73 84 -2.64575
73 62 -3.4641
74 85 -3.74166
74 63 -4.24264
75 86 -4.58258
75 64 -4.89898
76 87 -5.2915
76 65 -5.47723
77 88 -5.91608
77 66 -6
78 89 -6.48074
78 67 -6.48074
79 90 -7
79 68 -6.9282
80 91 -7.48331
80 69 -7.34847
81 92 -7.93725
81 70 -7.74597
82 93 -8.3666
82 71 -8.12404
83 94 -8.77496
84 73 -2.64575
85 96 -2.82843
85 74 -3.74166
86 97 -4
86 75 -4.58258
87 98 -4.89898
87 76 -5.2915
88 99 -5.65685
88 77 -5.91608
89 100 -6.32456
89 78 -6.48074
90 101 -6.9282
90 79 -7
91 102 -7.48331
91 80 -7.48331
92 103 -8
92 81 -7.93725
93 104 -8.48528
93 82 -8.3666
94 105 -8.94427
94 83 -8.77496
95 106 -9.38083
96 85 -2.82843
97 108 -3
97 86 -4
98 109 -4.24264
98 87 -4.89898
99 110 -5.19615
99 88 -5.65685
100 111 -6
100 89 -6.32456
101 112 -6.7082
101 90 -6.9282
102 113 -7.34847
102 91 -7.48331
103 114 -7.93725
103 92 -8
104 115 -8.48528
104 93 -8.48528
105 116 -9
105 94 -8.94427
106 117 -9.48683
106 95 -9.38083
107 118 -9.94987
108 97 -3
109 120 -3.16228
109 98 -4.24264
110 121 -4.47214
110 99 -5.19615
111 122 -5.47723
111 100 -6
112 123 -6.32456
112 101 -6.7082
113 124 -7.07107
113 102 -7.34847
114 125 -7.74597
114 103 -7.93725
115 126 -8.3666
115 104 -8.48528
116 127 -8.94427
116 105 -9
117 128 -9.48683
117 106 -9.48683
118 129 -10
118 107 -9.94987
119 130 -10.4881
120 109 -3.16228
121 132 -3.31662
121 110 -4.47214
122 133 -4.69042
122 111 -5.47723
123 134 -5.74456
123 112 -6.32456
124 135 -6.63325
124 113 -7.07107
125 136 -7.4162
125 114 -7.74597
126 137 -8.12404
126 115 -8.3666
127 138 -8.77496
127 116 -8.94427
128 139 -9.38083
128 117 -9.48683
129 140 -9.94987
129 118 -10
130 141 -10.4881
130 119 -10.4881
131 142 -11
132 121 -3.31662
133 122 -4.69042
134 123 -5.74456
135 124 -6.63325
136 125 -7.4162
137 126 -8.12404
138 127 -8.77496
139 128 -9.38083
140 129 -9.94987
141 130 -10.4881
142 131 -11
