169
1 13 -1
2 14 -1.41421
3 15 -1.73205
4 16 -2
5 17 -2.23607
6 18 -2.44949
7 19 -2.64575
8 20 -2.82843
9 21 -3
10 22 -3.16228
11 23 -3.31662
12 24 -3.4641
13 1 -1
14 26 -1.41421
14 2 -1.41421
15 27 -2
15 3 -1.73205
16 28 -2.44949
16 4 -2
17 29 -2.82843
17 5 -2.23607
18 30 -3.16228
18 6 -2.44949
19 31 -3.4641
19 7 -2.64575
20 32 -3.74166
20 8 -2.82843
21 33 -4
21 9 -3
22 34 -4.24264
22 10 -3.16228
23 35 -4.47214
23 11 -3.31662
24 36 -4.69042
24 12 -3.4641
25 37 -4.89898
26 14 -1.41421
27 39 -1.73205
27 15 -2
28 40 -2.44949
28 16 -2.44949
29 41 -3
29 17 -2.82843
30 42 -3.4641
30 18 -3.16228
31 43 -3.87298
31 19 -3.4641
32 44 -4.24264
32 20 -3.74166
33 45 -4.58258
33 21 -4
34 46 -4.89898
34 22 -4.24264
35 47 -5.19615
35 23 -4.47214
36 48 -5.47723
36 24 -4.69042
37 49 -5.74456
37 25 -4.89898
38 50 -6
39 27 -1.73205
40 52 -2
40 28 -2.44949
41 53 -2.82843
41 29 -3
42 54 -3.4641
42 30 -3.4641
43 55 -4
43 31 -3.87298
44 56 -4.47214
44 32 -4.24264
45 57 -4.89898
45 33 -4.58258
46 58 -5.2915
46 34 -4.89898
47 59 -5.65685
47 35 -5.19615
48 60 -6
48 36 -5.47723
49 61 -6.32456
49 37 -5.74456
50 62 -6.63325
50 38 -6
51 63 -6.9282
52 40 -2
53 65 -2.23607
53 41 -2.82843
54 66 -3.16228
54 42 -3.4641
55 67 -3.87298
55 43 -4
56 68 -4.47214
56 44 -4.47214
57 69 -5
57 45 -4.89898
58 70 -5.47723
58 46 -5.2915
59 71 -5.91608
59 47 -5.65685
60 72 -6.32456
60 48 -6
61 73 -6.7082
61 49 -6.32456
62 74 -7.07107
62 50 -6.63325
63 75 -7.4162
63 51 -6.9282
64 76 -7.74597
65 53 -2.23607
66 78 -2.44949
66 54 -3.16228
67 79 -3.4641
67 55 -3.87298
68 80 -4.24264
68 56 -4.47214
69 81 -4.89898
69 57 -5
70 82 -5.47723
70 58 -5.47723
71 83 -6
71 59 -5.91608
72 84 -6.48074
72 60 -6.32456
73 85 -6.9282
73 61 -6.7082
74 86 -7.34847
74 62 -7.07107
75 87 -7.74597
75 63 -7.4162
76 88 -8.12404
76 64 -7.74597
77 89 -8.48528
78 66 -2.44949
79 91 -2.64575
79 67 -3.4641
80 92 -3.74166
80 68 -4.24264
81 93 -4.58258
81 69 -4.89898
82 94 -5.2915
82 70 -5.47723
83 95 -5.91608
83 71 -6
84 96 -6.48074
84 72 -6.48074
85 97 -7
85 73 -6.9282
86 98 -7.48331
86 74 -7.34847
87 99 -7.93725
87 75 -7.74597
88 100 -8.3666
88 76 -8.12404
89 101 -8.77496
89 77 -8.48528
90 102 -9.16515
91 79 -2.64575
92 104 -2.82843
92 80 -3.74166
93 105 -4
93 81 -4.58258
94 106 -4.89898
94 82 -5.2915
95 107 -5.65685
95 83 -5.91608
96 108 -6.32456
96 84 -6.48074
97 109 -6.9282
97 85 -7
98 110 -7.48331
98 86 -7.48331
99 111 -8
99 87 -7.93725
100 112 -8.48528
100 88 -8.3666
101 113 -8.94427
101 89 -8.77496
102 114 -9.38083
102 90 -9.16515
103 115 -9.79796
104 92 -2.82843
105 117 -3
105 93 -4
106 118 -4.24264
106 94 -4.89898
107 119 -5.19615
107 95 -5.65685
108 120 -6
108 96 -6.32456
109 121 -6.7082
109 97 -6.9282
110 122 -7.34847
110 98 -7.48331
111 123 -7.93725
111 99 -8
112 124 -8.48528
112 100 -8.48528
113 125 -9
113 101 -8.94427
114 126 -9.48683
114 102 -9.38083
115 127 -9.94987
115 103 -9.79796
116 128 -10.3923
117 105 -3
118 130 -3.16228
118 106 -4.24264
119 131 -4.47214
119 107 -5.19615
120 132 -5.47723
120 108 -6
121 133 -6.32456
121 109 -6.7082
122 134 -7.07107
122 110 -7.34847
123 135 -7.74597
123 111 -7.93725
124 136 -8.3666
124 112 -8.48528
125 137 -8.94427
125 113 -9
126 138 -9.48683
126 114 -9.48683
127 139 -10
127 115 -9.94987
128 140 -10.4881
128 116 -10.3923
129 141 -10.9545
130 118 -3.16228
131 143 -3.31662
131 119 -4.47214
132 144 -4.69042
132 120 -5.47723
133 145 -5.74456
133 121 -6.32456
134 146 -6.63325
134 122 -7.07107
135 147 -7.4162
135 123 -7.74597
136 148 -8.12404
136 124 -8.3666
137 149 -8.77496
137 125 -8.94427
138 150 -9.38083
138 126 -9.48683
139 151 -9.94987
139 127 -10
140 152 -10.4881
140 128 -10.4881
141 153 -11
141 129 -10.9545
142 154 -11.4891
143 131 -3.31662
144 156 -3.4641
144 132 -4.69042
145 157 -4.89898
145 133 -5.74456
146 158 -6
146 134 -6.63325
147 159 -6.9282
147 135 -7.4162
148 160 -7.74597
148 136 -8.12404
149 161 -8.48528
149 137 -8.77496
150 162 -9.16515
150 138 -9.38083
151 163 -9.79796
151 139 -9.94987
152 164 -10.3923
152 140 -10.4881
153 165 -10.9545
153 141 -11
154 166 -11.4891
154 142 -11.4891
155 167 -12
156 144 -3.4641
157 145 -4.89898
158 146 -6
159 147 -6.9282
160 148 -7.74597
161 149 -8.48528
162 150 -9.16515
163 151 -9.79796
164 152 -10.3923
165 153 -10.9545
166 154 -11.4891
167 155 -12
